catalog1 = [
  1     7     1    5.0   105.9    34.8    90.0000;
  1     7     1    6.0   107.8    35.4    90.0000;
  1     7     1    4.0   106.0    33.0    90.0000;
  1     7     1    5.5   108.0    34.0    90.0000;
  1     7     1    4.5   105.6    36.2    90.0000;
  1     7     1    5.0   107.0    37.8    90.0000;
  1     7     1    6.0   107.0    36.0    90.0000;
  1     7     1    5.0   102.1    36.1    90.0000;
  1     7     1    8.0   103.8    39.0    90.0000;
  1     7     1    7.0   103.8    37.7    90.0000
]
